1
0
50
100
0 1
0 2
0 3
1 0
1 2
1 4
2 3
2 4
3 0
4 1
5 6
5 7
6 8
6 9
7 10
7 11
8 12
8 13
9 14
9 15
10 16
10 17
11 18
11 19
12 20
12 21
13 22
13 23
14 24
14 25
15 26
15 27
16 28
16 29
17 30
17 31
18 32
18 33
19 34
19 35
20 36
20 37
21 38
21 39
22 40
22 41
23 42
23 43
24 44
24 45
25 46
25 47
26 48
26 49
27 0
28 1
29 2
30 3
31 4
32 5
33 6
34 7
35 8
36 9
37 10
38 11
39 12
40 13
41 14
42 15
43 16
44 17
45 18
46 19
47 20
48 21
49 22
0 23
1 24
2 25
3 26
4 27
5 28
6 29
7 30
8 31
9 32
10 33
11 34
12 35
13 36
14 37
15 38
16 39
17 40
18 41
19 42
20 43
21 44
22 45
23 46
24 47
25 48
26 49