1
0
100
150
0 1
0 2
0 3
1 4
1 5
2 6
2 7
3 8
3 9
4 10
4 11
5 12
5 13
6 14
6 15
7 16
7 17
8 18
8 19
9 20
9 21
10 22
10 23
11 24
11 25
12 26
12 27
13 28
13 29
14 30
14 31
15 32
15 33
16 34
16 35
17 36
17 37
18 38
18 39
19 40
19 41
20 42
20 43
21 44
21 45
22 46
22 47
23 48
23 49
24 50
24 51
25 52
25 53
26 54
26 55
27 56
27 57
28 58
28 59
29 60
29 61
30 62
30 63
31 64
31 65
32 66
32 67
33 68
33 69
34 70
34 71
35 72
35 73
36 74
36 75
37 76
37 77
38 78
38 79
39 80
39 81
40 82
40 83
41 84
41 85
42 86
42 87
43 88
43 89
44 90
44 91
45 92
45 93
46 94
46 95
47 96
47 97
48 98
48 99
49 0
50 1
51 2
52 3
53 4
54 5
55 6
56 7
57 8
58 9
59 10
60 11
61 12
62 13
63 14
64 15
65 16
66 17
67 18
68 19
69 20
70 21
71 22
72 23
73 24
74 25
75 26
76 27
77 28
78 29
79 30
80 31
81 32
82 33
83 34
84 35
85 36
86 37
87 38
88 39
89 40
90 41
91 42
92 43
93 44
94 45
95 46
96 47
97 48
98 49
99 50
