1
0
500
750
0 1
0 2
0 3
1 4
1 5
2 6
2 7
3 8
3 9
4 10
4 11
5 12
5 13
6 14
6 15
7 16
7 17
8 18
8 19
9 20
9 21
10 22
10 23
11 24
11 25
12 26
12 27
13 28
13 29
14 30
14 31
15 32
15 33
16 34
16 35
17 36
17 37
18 38
18 39
19 40
19 41
20 42
20 43
21 44
21 45
22 46
22 47
23 48
23 49
24 50
24 51
25 52
25 53
26 54
26 55
27 56
27 57
28 58
28 59
29 60
29 61
30 62
30 63
31 64
31 65
32 66
32 67
33 68
33 69
34 70
34 71
35 72
35 73
36 74
36 75
37 76
37 77
38 78
38 79
39 80
39 81
40 82
40 83
41 84
41 85
42 86
42 87
43 88
43 89
44 90
44 91
45 92
45 93
46 94
46 95
47 96
47 97
48 98
48 99
49 100
50 101
51 102
52 103
53 104
54 105
55 106
56 107
57 108
58 109
59 110
60 111
61 112
62 113
63 114
64 115
65 116
66 117
67 118
68 119
69 120
70 121
71 122
72 123
73 124
74 125
75 126
76 127
77 128
78 129
79 130
80 131
81 132
82 133
83 134
84 135
85 136
86 137
87 138
88 139
89 140
90 141
91 142
92 143
93 144
94 145
95 146
96 147
97 148
98 149
99 150
100 151
101 152
102 153
103 154
104 155
105 156
106 157
107 158
108 159
109 160
110 161
111 162
112 163
113 164
114 165
115 166
116 167
117 168
118 169
119 170
120 171
121 172
122 173
123 174
124 175
125 176
126 177
127 178
128 179
129 180
130 181
131 182
132 183
133 184
134 185
135 186
136 187
137 188
138 189
139 190
140 191
141 192
142 193
143 194
144 195
145 196
146 197
147 198
148 199
149 200
150 201
151 202
152 203
153 204
154 205
155 206
156 207
157 208
158 209
159 210
160 211
161 212
162 213
163 214
164 215
165 216
166 217
167 218
168 219
169 220
170 221
171 222
172 223
173 224
174 225
175 226
176 227
177 228
178 229
179 230
180 231
181 232
182 233
183 234
184 235
185 236
186 237
187 238
188 239
189 240
190 241
191 242
192 243
193 244
194 245
195 246
196 247
197 248
198 249
199 250
200 251
201 252
202 253
203 254
204 255
205 256
206 257
207 258
208 259
209 260
210 261
211 262
212 263
213 264
214 265
215 266
216 267
217 268
218 269
219 270
220 271
221 272
222 273
223 274
224 275
225 276
226 277
227 278
228 279
229 280
230 281
231 282
232 283
233 284
234 285
235 286
236 287
237 288
238 289
239 290
240 291
241 292
242 293
243 294
244 295
245 296
246 297
247 298
248 299
249 300
250 301
251 302
252 303
253 304
254 305
255 306
256 307
257 308
258 309
259 310
260 311
261 312
262 313
263 314
264 315
265 316
266 317
267 318
268 319
269 320
270 321
271 322
272 323
273 324
274 325
275 326
276 327
277 328
278 329
279 330
280 331
281 332
282 333
283 334
284 335
285 336
286 337
287 338
288 339
289 340
290 341
291 342
292 343
293 344
294 345
295 346
296 347
297 348
298 349
299 350
300 351
301 352
302 353
303 354
304 355
305 356
306 357
307 358
308 359
309 360
310 361
311 362
312 363
313 364
314 365
315 366
316 367
317 368
318 369
319 370
320 371
321 372
322 373
323 374
324 375
325 376
326 377
327 378
328 379
329 380
330 381
331 382
332 383
333 384
334 385
335 386
336 387
337 388
338 389
339 390
340 391
341 392
342 393
343 394
344 395
345 396
346 397
347 398
348 399
349 400
0 400
1 401
2 402
3 403
4 404
5 405
6 406
7 407
8 408
9 409
10 410
11 411
12 412
13 413
14 414
15 415
16 416
17 417
18 418
19 419
20 420
21 421
22 422
23 423
24 424
25 425
26 426
27 427
28 428
29 429
30 430
31 431
32 432
33 433
34 434
35 435
36 436
37 437
38 438
39 439
40 440
41 441
42 442
43 443
44 444
45 445
46 446
47 447
48 448
49 449
50 450
51 451
52 452
53 453
54 454
55 455
56 456
57 457
58 458
59 459
60 460
61 461
62 462
63 463
64 464
65 465
66 466
67 467
68 468
69 469
70 470
71 471
72 472
73 473
74 474
75 475
76 476
77 477
78 478
79 479
80 480
81 481
82 482
83 483
84 484
85 485
86 486
87 487
88 488
89 489
90 490
91 491
92 492
93 493
94 494
95 495
96 496
97 497
98 498
99 499
100 0
101 1
102 2
103 3
104 4
105 5
106 6
107 7
108 8
109 9
110 10
111 11
112 12
113 13
114 14
115 15
116 16
117 17
118 18
119 19
120 20
121 21
122 22
123 23
124 24
125 25
126 26
127 27
128 28
129 29
130 30
131 31
132 32
133 33
134 34
135 35
136 36
137 37
138 38
139 39
140 40
141 41
142 42
143 43
144 44
145 45
146 46
147 47
148 48
149 49
150 50
151 51
152 52
153 53
154 54
155 55
156 56
157 57
158 58
159 59
160 60
161 61
162 62
163 63
164 64
165 65
166 66
167 67
168 68
169 69
170 70
171 71
172 72
173 73
174 74
175 75
176 76
177 77
178 78
179 79
180 80
181 81
182 82
183 83
184 84
185 85
186 86
187 87
188 88
189 89
190 90
191 91
192 92
193 93
194 94
195 95
196 96
197 97
198 98
199 99
200 100
201 101
202 102
203 103
204 104
205 105
206 106
207 107
208 108
209 109
210 110
211 111
212 112
213 113
214 114
215 115
216 116
217 117
218 118
219 119
220 120
221 121
222 122
223 123
224 124
225 125
226 126
227 127
228 128
229 129
230 130
231 131
232 132
233 133
234 134
235 135
236 136
237 137
238 138
239 139
240 140
241 141
242 142
243 143
244 144
245 145
246 146
247 147
248 148
249 149
250 150
251 151
252 152
253 153
254 154
255 155
256 156
257 157
258 158
259 159
260 160
261 161
262 162
263 163
264 164
265 165
266 166
267 167
268 168
269 169
270 170
271 171
272 172
273 173
274 174
275 175
276 176
277 177
278 178
279 179
280 180
281 181
282 182
283 183
284 184
285 185
286 186
287 187
288 188
289 189
290 190
291 191
292 192
293 193
294 194
295 195
296 196
297 197
298 198
299 199
400 401
401 402
402 403
403 404
404 405
405 406
406 407
407 408
408 409
409 410
410 411
411 412
412 413
413 414
414 415
415 416
416 417
417 418
418 419
419 420
420 421
421 422
422 423
423 424
424 425
425 426
426 427
427 428
428 429
429 430
430 431
431 432
432 433
433 434
434 435
435 436
436 437
437 438
438 439
439 440
440 441
441 442
442 443
443 444
444 445
445 446
446 447
447 448
448 449
449 400
